5d751dde13dae2db:
  agentid: 5d751dde13dae2db
  taskscompleted: 6
  tasksfailed: 1
  avgduration: 0
  successrate: 0.8571428571428571
  fitness: 0.75
  lastseen: 1774077385
39b71d0d4e653d27:
  agentid: 39b71d0d4e653d27
  taskscompleted: 1
  tasksfailed: 0
  avgduration: 0
  successrate: 1
  fitness: 0.5
  lastseen: 1774071444
4865c9be95b67bea:
  agentid: 4865c9be95b67bea
  taskscompleted: 1
  tasksfailed: 0
  avgduration: 0
  successrate: 1
  fitness: 0.5
  lastseen: 1774071403
bb4219587eb9b557:
  agentid: bb4219587eb9b557
  taskscompleted: 3
  tasksfailed: 0
  avgduration: 0
  successrate: 1
  fitness: 0.6499999999999999
  lastseen: 1774077133
