preferredruntime: builtin
runtimescores:
  builtin: 37.300000000000026
skillconfidence:
  analysis: 0.45
  coding: 0.7941176470588235
  delegation: 0.45
  documentation: 0.45
  planning: 0.45
  research: 0.7941176470588235
  writing: 0.45
delegatethreshold: 0.3
adaptedat: 1774521871
