preferredruntime: builtin
runtimescores:
  builtin: 31.99999999999995
skillconfidence:
  analysis: 0.45
  coding: 0.7777777777777778
  delegation: 0.45
  documentation: 0.45
  planning: 0.45
  research: 0.7777777777777778
  writing: 0.45
delegatethreshold: 0.3
adaptedat: 1774075559
