preferredruntime: builtin
runtimescores:
  builtin: 34.900000000000006
skillconfidence:
  analysis: 0.45
  coding: 0.7878787878787878
  delegation: 0.45
  documentation: 0.45
  planning: 0.45
  research: 0.7878787878787878
  writing: 0.45
delegatethreshold: 0.3
adaptedat: 1774511257
