preferredruntime: builtin
runtimescores:
  builtin: 17.5
skillconfidence:
  coding: 0.7916666666666666
  documentation: 0.45
  research: 0.7916666666666666
  writing: 0.45
delegatethreshold: 0.3
adaptedat: 1774107299
