preferredruntime: builtin
runtimescores:
  builtin: 10.4
skillconfidence:
  coding: 0.8461538461538461
  documentation: 0.45
  research: 0.8461538461538461
  writing: 0.45
delegatethreshold: 0.3
adaptedat: 1774089251
