1e3231e409081c50:
  agentid: 1e3231e409081c50
  taskscompleted: 8
  tasksfailed: 0
  avgduration: 0
  successrate: 1
  fitness: 0.9
  lastseen: 1774088631
d37dd38d7bc346c7:
  agentid: d37dd38d7bc346c7
  taskscompleted: 11
  tasksfailed: 2
  avgduration: 0
  successrate: 0.8461538461538461
  fitness: 0.8461538461538461
  lastseen: 1774088950
