preferredruntime: builtin
runtimescores:
  builtin: 12.299999999999995
skillconfidence:
  analysis: 0.8571428571428571
  coding: 0.45
  delegation: 0.8571428571428571
  documentation: 0.45
  planning: 0.8571428571428571
  research: 0.39375
  writing: 0.45
delegatethreshold: 0.3
adaptedat: 1774349840
