preferredruntime: builtin
runtimescores:
  builtin: 37.90000000000004
skillconfidence:
  analysis: 0.9523809523809523
  coding: 0.36000000000000004
  delegation: 0.9523809523809523
  documentation: 0.45
  planning: 0.9523809523809523
  research: 0.36000000000000004
  writing: 0.45
delegatethreshold: 0.3
adaptedat: 1774082524
