preferredruntime: builtin
runtimescores:
  builtin: 14.699999999999994
skillconfidence:
  analysis: 0.8888888888888888
  coding: 0.45
  delegation: 0.8888888888888888
  documentation: 0.45
  planning: 0.8888888888888888
  research: 0.39375
  writing: 0.45
delegatethreshold: 0.3
adaptedat: 1774352312
