preferredruntime: builtin
runtimescores:
  builtin: 21.399999999999988
skillconfidence:
  analysis: 0.9533333333333335
  coding: 0.45
  delegation: 0.9533333333333335
  documentation: 0.45
  planning: 0.9533333333333335
  research: 0.39375
  writing: 0.45
delegatethreshold: 0.3
adaptedat: 1774521396
