coding:
  name: coding
  attempts: 0
  successes: 0
  avgduration: 89.13667286529413
  successrate: 0.6588235294117647
  trend: stable
  lastused: 1774107984
documentation:
  name: documentation
  attempts: 0
  successes: 0
  avgduration: 89.13667286529413
  successrate: 0.6588235294117647
  trend: stable
  lastused: 1774107984
research:
  name: research
  attempts: 0
  successes: 0
  avgduration: 0
  successrate: 0.35000000000000003
  trend: stable
  lastused: 1774107984
writing:
  name: writing
  attempts: 0
  successes: 0
  avgduration: 89.13667286529413
  successrate: 0.6588235294117647
  trend: stable
  lastused: 1774107984
