coding:
  name: coding
  attempts: 0
  successes: 0
  avgduration: 90.48130992366667
  successrate: 0.6666666666666667
  trend: stable
  lastused: 1774180714
documentation:
  name: documentation
  attempts: 0
  successes: 0
  avgduration: 90.48130992366667
  successrate: 0.6666666666666667
  trend: stable
  lastused: 1774180714
research:
  name: research
  attempts: 0
  successes: 0
  avgduration: 0
  successrate: 0.35000000000000003
  trend: stable
  lastused: 1774180714
writing:
  name: writing
  attempts: 0
  successes: 0
  avgduration: 90.48130992366667
  successrate: 0.6666666666666667
  trend: stable
  lastused: 1774180714
