coding:
  name: coding
  attempts: 0
  successes: 0
  avgduration: 56.03983198620001
  successrate: 0.6933333333333334
  trend: stable
  lastused: 1774107809
documentation:
  name: documentation
  attempts: 0
  successes: 0
  avgduration: 56.03983198620001
  successrate: 0.6933333333333334
  trend: stable
  lastused: 1774107809
research:
  name: research
  attempts: 0
  successes: 0
  avgduration: 0
  successrate: 0.35000000000000003
  trend: stable
  lastused: 1774107809
writing:
  name: writing
  attempts: 0
  successes: 0
  avgduration: 56.03983198620001
  successrate: 0.6933333333333334
  trend: stable
  lastused: 1774107809
