preferredruntime: builtin
runtimescores:
  builtin: 13.599999999999994
skillconfidence:
  coding: 0.8666666666666667
  documentation: 0.8666666666666667
  research: 0.39375
  writing: 0.8666666666666667
delegatethreshold: 0.3
adaptedat: 0
