preferredruntime: builtin
runtimescores:
  builtin: 14.899999999999995
skillconfidence:
  coding: 0.8333333333333334
  documentation: 0.8333333333333334
  research: 0.39375
  writing: 0.8333333333333334
delegatethreshold: 0.3
adaptedat: 0
