d37dd38d7bc346c7:
  agentid: d37dd38d7bc346c7
  taskscompleted: 11
  tasksfailed: 2
  avgduration: 0
  successrate: 0.8461538461538461
  fitness: 0.8461538461538461
  lastseen: 1774088950
fea0ae2cdc9da35d:
  agentid: fea0ae2cdc9da35d
  taskscompleted: 1
  tasksfailed: 0
  avgduration: 0
  successrate: 1
  fitness: 0.5
  lastseen: 1774088576
