coding:
  name: coding
  attempts: 17
  successes: 14
  avgduration: 89.13667286529413
  successrate: 0.8235294117647058
  trend: declining
  lastused: 1774107943
documentation:
  name: documentation
  attempts: 17
  successes: 14
  avgduration: 89.13667286529413
  successrate: 0.8235294117647058
  trend: declining
  lastused: 1774107943
research:
  name: research
  attempts: 0
  successes: 0
  avgduration: 0
  successrate: 0.4375
  trend: stable
  lastused: 0
writing:
  name: writing
  attempts: 17
  successes: 14
  avgduration: 89.13667286529413
  successrate: 0.8235294117647058
  trend: declining
  lastused: 1774107943
