coding:
  name: coding
  attempts: 12
  successes: 11
  avgduration: 31.64001328825
  successrate: 0.9166666666666666
  trend: declining
  lastused: 1774095434
documentation:
  name: documentation
  attempts: 12
  successes: 11
  avgduration: 31.64001328825
  successrate: 0.9166666666666666
  trend: declining
  lastused: 1774095434
research:
  name: research
  attempts: 0
  successes: 0
  avgduration: 0
  successrate: 0.4375
  trend: stable
  lastused: 0
writing:
  name: writing
  attempts: 12
  successes: 11
  avgduration: 31.64001328825
  successrate: 0.9166666666666666
  trend: declining
  lastused: 1774095434
