coding:
  name: coding
  attempts: 18
  successes: 15
  avgduration: 90.48130992366667
  successrate: 0.8333333333333334
  trend: declining
  lastused: 1774177986
documentation:
  name: documentation
  attempts: 18
  successes: 15
  avgduration: 90.48130992366667
  successrate: 0.8333333333333334
  trend: declining
  lastused: 1774177986
research:
  name: research
  attempts: 0
  successes: 0
  avgduration: 0
  successrate: 0.4375
  trend: stable
  lastused: 0
writing:
  name: writing
  attempts: 18
  successes: 15
  avgduration: 90.48130992366667
  successrate: 0.8333333333333334
  trend: declining
  lastused: 1774177986
