preferredruntime: builtin
runtimescores:
  builtin: 26.29999999999997
skillconfidence:
  analysis: 0.45
  coding: 0.9500000000000001
  delegation: 0.45
  documentation: 0.9500000000000001
  planning: 0.45
  research: 0.39375
  writing: 0.9500000000000001
delegatethreshold: 0.3
adaptedat: 1774746897
