preferredruntime: builtin
runtimescores:
  builtin: 13.699999999999996
skillconfidence:
  coding: 0.8235294117647058
  documentation: 0.8235294117647058
  research: 0.39375
  writing: 0.8235294117647058
delegatethreshold: 0.3
adaptedat: 1774175907
