preferredruntime: builtin
runtimescores:
  builtin: 11.699999999999996
skillconfidence:
  coding: 0.9166666666666666
  documentation: 0.9166666666666666
  research: 0.39375
  writing: 0.9166666666666666
delegatethreshold: 0.3
adaptedat: 1774107299
